13
20
1 10 10 10
1 1 1 1 1 1 1 2 0 1 
3 1 0 0 1 1 1 1 1 1 
1 1 1 1 2 0 1 1 1 1 
1 1 1 1 1 1 1 1 1 1 
1 0 2 1 1 1 1 1 1 1 
1 3 0 0 1 1 1 1 1 1 
2 1 0 1 1 1 1 1 1 1 
1 1 1 1 1 1 1 1 1 1 
1 1 2 1 1 0 1 1 1 1 
1 1 1 1 1 1 1 1 1 1 

2 15 10 10
0 1 6 0 2 1 1 1 1 2 
1 3 1 2 1 0 1 2 3 1 
1 1 1 3 1 3 1 2 1 1 
6 1 1 0 1 3 0 1 1 1 
1 1 0 4 5 1 1 0 1 1 
1 1 1 1 6 1 1 1 1 1 
1 2 1 1 1 1 2 1 4 1 
3 1 1 1 1 1 1 1 4 1 
2 1 1 2 1 3 1 1 1 2 
5 0 1 1 1 0 1 1 1 4 

3 20 10 10
1 0 1 3 1 5 4 1 2 2 
1 1 1 2 1 1 11 0 1 1 
3 1 8 1 1 1 1 2 1 1 
4 1 2 1 1 1 8 1 0 1 
1 1 1 1 1 1 1 7 1 5 
1 1 3 1 8 1 1 1 2 1 
1 1 0 1 0 9 5 1 1 1 
3 6 1 1 2 1 1 1 3 1 
1 1 10 1 1 1 1 0 3 1 
2 1 1 3 6 1 1 1 1 3 

4 25 10 10
0 14 1 4 1 1 1 1 1 1 
1 1 1 3 5 1 1 10 1 1 
1 1 1 1 2 1 4 6 1 7 
4 5 1 1 2 1 1 1 5 4 
13 3 0 1 0 0 1 1 5 1 
1 8 1 1 1 7 1 4 1 0 
1 1 1 1 4 1 9 6 0 1 
1 1 1 1 9 1 6 3 1 1 
2 6 1 10 1 1 1 1 1 1 
5 5 1 8 1 1 1 1 1 1 

5 30 10 10
9 0 1 1 8 8 1 1 0 1 
7 1 1 1 9 1 7 1 1 1 
1 2 2 1 13 1 1 7 1 1 
1 7 0 1 3 1 0 6 10 1 
1 1 1 1 1 2 11 4 5 3 
1 1 1 1 2 7 7 8 1 1 
10 1 1 1 1 10 3 1 1 1 
1 1 1 1 1 7 8 1 1 8 
1 1 1 2 1 1 11 5 1 6 
1 6 1 1 13 1 1 4 1 1 

6 35 10 10
1 1 1 14 2 3 0 1 11 1 
1 1 1 5 1 15 1 6 2 2 
1 13 1 6 1 1 1 1 6 4 
1 5 1 0 5 4 1 9 8 1 
1 0 1 7 3 1 1 1 4 16 
2 1 1 1 1 1 10 1 10 7 
1 1 10 1 1 12 6 1 1 1 
1 1 1 1 1 1 1 3 9 16 
1 2 1 1 5 1 1 12 8 3 
16 1 1 1 1 1 3 1 1 9 

7 40 10 10
16 13 1 1 0 1 3 3 1 1 
10 1 8 1 9 5 1 3 1 1 
1 11 6 3 1 1 1 1 14 1 
2 1 5 1 0 1 7 1 22 0 
1 1 2 1 9 1 0 1 15 9 
2 6 15 1 1 9 3 1 1 1 
1 11 2 1 12 8 1 1 1 2 
1 1 12 1 11 5 1 1 6 1 
1 1 1 3 3 1 7 1 1 21 
1 1 1 1 1 1 9 0 11 14 

8 45 10 10
2 1 1 1 1 1 24 12 1 1 
17 1 10 1 10 0 1 1 1 3 
1 10 1 2 14 1 13 1 1 1 
11 1 1 1 12 1 1 0 10 7 
2 14 1 4 6 11 3 1 2 1 
6 1 1 22 1 1 1 10 1 1 
1 5 14 5 1 1 11 5 1 1 
1 1 4 1 10 1 1 1 10 15 
13 1 1 1 3 1 1 22 1 1 
1 1 12 1 1 1 7 1 19 1 

9 50 10 10
4 5 1 1 8 13 1 0 16 1 
1 4 4 15 0 1 1 8 1 15 
1 4 1 1 20 1 1 14 2 5 
1 8 20 4 12 1 1 1 1 1 
1 12 8 0 15 2 9 1 1 1 
19 6 1 1 5 1 1 1 1 14 
1 16 6 1 1 20 2 2 0 1 
1 1 6 5 1 1 16 1 1 17 
1 7 20 1 10 1 1 1 1 7 
1 4 1 16 11 1 1 13 1 1 

10 55 10 10
1 1 1 1 7 1 18 5 19 1 
25 3 10 1 1 4 1 8 1 1 
1 19 1 1 1 15 14 1 1 1 
1 7 1 7 1 1 14 1 21 1 
15 2 1 12 1 20 1 1 1 1 
1 1 16 1 1 1 1 23 9 1 
6 9 1 8 1 1 12 1 15 1 
1 1 20 1 22 6 1 1 1 1 
7 9 1 1 5 1 1 1 1 28 
7 3 4 6 1 17 1 1 14 1 

11 60 10 10
1 1 8 22 0 24 1 1 1 1 
1 1 3 12 3 1 28 1 9 1 
1 16 1 1 1 1 18 1 1 19 
1 22 1 1 10 1 1 1 1 21 
1 17 1 1 1 1 1 1 12 24 
1 1 19 1 8 1 1 13 1 14 
2 14 1 1 6 21 7 0 7 1 
1 1 19 1 1 1 5 17 1 13 
1 22 1 9 1 1 1 1 11 12 
1 1 17 1 1 3 1 14 1 20 

12 65 10 10
1 1 2 1 18 1 0 25 1 15 
1 1 1 1 1 25 32 1 1 1 
1 1 1 1 1 7 15 26 2 10 
3 8 1 1 4 22 1 1 1 23 
14 1 9 8 1 1 1 15 12 3 
1 19 1 7 6 1 1 27 1 1 
1 1 15 13 9 13 7 0 5 1 
17 1 1 22 1 19 1 1 1 1 
1 1 1 1 12 15 25 7 1 1 
1 14 1 12 15 1 1 18 1 1 

13 70 10 10
1 1 1 1 1 1 15 23 1 25 
1 1 1 33 15 15 1 1 1 1 
1 15 4 7 17 6 17 1 1 1 
1 1 1 6 40 1 1 18 1 0 
1 14 1 1 6 12 20 12 0 3 
16 1 1 1 17 14 1 1 9 9 
1 1 4 1 1 24 30 4 3 1 
37 1 1 2 1 1 1 9 1 16 
1 1 1 37 1 1 24 1 2 1 
1 22 1 15 7 14 7 1 1 1 

14 75 10 10
13 1 1 28 4 1 0 1 25 1 
26 1 1 1 1 26 1 16 1 1 
9 1 1 1 32 1 1 7 16 6 
1 29 2 11 1 1 25 1 1 3 
1 1 19 19 1 1 7 1 23 2 
19 1 1 1 1 26 4 20 1 1 
1 19 1 1 32 1 1 1 17 1 
24 17 17 1 1 1 1 1 11 1 
1 1 34 4 1 1 1 1 30 1 
3 6 1 18 29 6 1 1 9 1 

15 80 10 10
1 1 8 25 25 16 1 1 1 1 
11 1 4 1 9 25 1 26 1 1 
1 1 0 14 33 23 1 5 1 1 
1 1 1 1 1 1 1 1 35 37 
39 1 1 32 2 1 1 1 1 1 
1 1 10 0 13 12 1 10 14 18 
1 4 19 1 1 17 28 7 1 1 
1 2 1 0 47 3 1 1 23 1 
1 6 1 25 1 1 0 31 13 1 
1 1 2 18 4 3 8 1 1 41 

16 85 10 10
18 12 0 1 23 1 1 1 12 16 
14 0 44 1 1 14 1 9 0 1 
21 27 1 3 19 1 10 1 1 1 
1 1 1 1 3 17 9 4 43 5 
1 1 12 8 1 1 19 1 40 1 
1 1 24 6 1 22 15 1 1 13 
1 20 42 11 1 1 1 1 1 6 
6 1 6 28 15 25 1 1 1 1 
1 19 1 20 1 0 40 1 1 1 
1 1 1 1 32 1 9 20 1 18 

17 90 10 10
28 1 9 1 17 16 1 0 1 16 
1 1 1 39 28 1 1 1 12 5 
1 1 1 1 1 8 12 20 11 34 
1 16 35 1 1 7 1 26 1 1 
1 18 1 1 1 18 20 1 28 1 
28 29 6 1 1 1 1 21 1 1 
4 20 4 1 1 1 43 9 6 1 
15 1 1 32 1 20 1 17 1 1 
1 21 1 30 20 1 1 1 1 13 
1 1 13 4 40 1 1 1 27 1 

18 95 10 10
1 21 13 1 9 13 34 1 1 1 
1 1 36 20 28 1 1 1 1 5 
31 27 1 1 12 1 1 19 1 1 
1 1 33 1 1 1 27 2 23 5 
1 1 3 52 1 1 1 1 1 33 
1 1 22 9 1 20 1 10 1 29 
32 1 1 1 1 27 28 1 1 2 
1 1 1 42 1 4 1 27 1 16 
35 1 10 1 1 1 28 0 1 17 
18 1 12 1 14 1 6 1 40 1 

19 100 10 10
37 8 1 20 1 1 29 1 1 1 
23 25 1 13 1 0 25 1 10 1 
1 36 1 1 47 10 1 1 1 1 
25 31 19 1 19 1 1 1 1 1 
1 8 32 17 13 1 26 1 0 1 
1 1 1 20 1 1 51 9 14 1 
1 33 18 11 25 1 1 8 1 1 
1 1 1 1 1 37 3 34 1 20 
23 1 1 14 1 1 3 16 10 30 
33 1 1 1 1 1 2 36 23 1 

20 105 10 10
1 48 18 1 1 11 1 1 11 12 
1 1 1 29 1 0 57 12 1 2 
1 1 1 1 1 1 44 12 42 1 
1 26 1 22 32 1 1 1 19 1 
1 12 11 30 2 1 1 45 1 1 
17 1 1 23 1 1 21 1 38 1 
16 11 10 1 14 1 1 27 1 23 
46 1 1 1 1 1 1 17 32 4 
1 8 1 38 14 1 4 28 1 9 
5 1 4 1 1 9 46 1 13 24 

