20
1 21 10 2
6 15 
9 12 
16 5 
10 11 
0 21 
12 9 
14 7 
16 5 
11 10 
11 10 

2 21 10 3
10 5 6 
1 6 14 
6 1 14 
4 7 10 
1 10 10 
1 7 13 
5 13 3 
9 1 11 
9 6 6 
18 2 1 

3 21 10 4
4 1 9 7 
13 4 1 3 
6 7 1 7 
7 4 4 6 
1 9 1 10 
3 4 1 13 
1 2 14 4 
1 9 2 9 
1 11 1 8 
6 1 1 13 

4 21 10 5
5 13 1 1 1 
1 14 1 4 1 
1 0 2 1 17 
1 7 5 7 1 
4 1 9 0 7 
1 1 8 1 10 
6 7 1 5 2 
10 1 2 3 5 
2 4 1 5 9 
1 7 12 1 0 

5 21 10 6
1 7 5 6 1 1 
9 1 1 4 0 6 
1 12 0 0 7 1 
10 2 1 3 2 3 
10 5 1 4 1 0 
4 1 1 6 1 8 
3 0 12 1 4 1 
3 1 1 7 1 8 
13 2 0 1 1 4 
11 1 1 7 1 0 

6 21 10 7
2 1 4 1 1 10 2 
6 5 5 2 1 1 1 
1 2 1 3 5 8 1 
6 1 1 8 2 2 1 
6 2 1 10 1 0 1 
1 11 1 1 1 5 1 
4 9 1 1 1 2 3 
1 1 6 1 1 1 10 
5 12 1 1 1 1 0 
1 1 1 9 1 1 7 

7 21 10 8
0 1 1 1 5 8 4 1 
1 1 1 9 1 1 6 1 
3 0 3 1 1 4 2 7 
1 1 2 3 1 6 6 1 
7 3 1 0 1 1 7 1 
5 1 5 5 1 1 2 1 
2 1 6 1 8 1 1 1 
9 6 1 1 1 1 1 1 
1 1 1 1 5 2 6 4 
1 1 7 1 1 3 1 6 

8 21 10 9
1 0 5 7 4 1 1 1 1 
1 2 1 3 1 1 2 9 1 
1 1 5 1 1 3 1 1 7 
7 1 1 1 0 7 1 2 1 
4 9 1 1 1 1 1 2 1 
1 8 1 1 0 1 1 1 7 
6 1 1 1 7 2 1 1 1 
1 5 1 1 1 2 8 1 1 
2 2 1 1 10 1 0 1 3 
1 1 5 1 1 4 1 3 4 

9 21 10 10
1 1 5 1 1 1 4 1 1 5 
1 1 4 1 1 1 1 1 2 8 
1 3 0 1 3 1 1 7 1 3 
1 6 1 1 1 1 1 1 2 6 
1 6 1 1 1 4 1 1 3 2 
1 1 5 5 1 5 0 1 1 1 
2 1 1 4 7 1 1 1 1 2 
1 1 9 3 1 1 1 1 2 1 
1 0 1 1 10 2 4 1 1 0 
1 1 5 1 5 1 1 4 1 1 

10 21 10 11
1 1 1 4 3 5 1 1 1 1 2 
4 1 4 1 1 1 2 1 2 3 1 
1 1 1 1 7 5 1 1 1 1 1 
4 1 1 1 1 1 1 1 1 1 8 
3 1 1 6 1 3 1 2 1 1 1 
0 8 1 5 1 1 1 1 1 1 1 
1 1 1 1 3 7 1 1 1 1 3 
1 1 1 2 1 1 1 8 3 1 1 
1 1 1 3 1 1 4 1 1 1 6 
3 1 9 1 1 1 1 1 1 1 1 

11 21 10 12
1 0 1 1 1 1 1 1 3 1 1 9 
1 1 1 7 1 1 2 3 1 1 1 1 
6 1 1 1 1 1 1 1 5 1 1 1 
1 3 1 4 4 2 1 1 1 1 1 1 
1 1 2 1 1 1 3 2 7 1 1 0 
2 1 1 1 2 1 1 6 1 3 1 1 
1 1 6 1 1 4 1 1 2 1 1 1 
7 1 1 4 1 1 1 1 1 1 1 1 
1 3 1 1 4 1 1 1 1 1 5 1 
1 1 1 1 1 1 1 9 2 1 1 1 

12 21 10 13
1 1 1 0 2 1 1 1 1 1 1 9 1 
1 1 1 1 0 1 1 1 1 1 7 1 4 
1 4 1 1 1 1 1 4 1 1 2 1 2 
8 1 2 1 1 1 1 1 2 1 1 1 0 
1 1 1 2 1 1 4 1 3 1 1 1 3 
1 1 1 1 1 1 2 8 1 1 1 1 1 
1 0 1 1 4 1 1 1 0 1 1 1 8 
2 3 3 3 1 1 1 1 1 1 1 1 2 
1 0 0 2 0 1 1 1 5 6 1 1 2 
2 1 1 5 1 1 1 1 4 1 1 1 1 

13 21 10 14
1 3 1 1 1 1 1 1 1 1 3 1 1 4 
1 1 1 1 2 1 3 1 1 1 1 1 5 1 
6 1 1 1 1 1 4 1 0 1 1 1 1 1 
1 1 3 1 4 1 1 3 1 1 1 1 1 1 
1 1 0 1 5 1 1 1 7 1 0 0 1 1 
1 5 1 1 1 0 1 4 0 2 2 1 1 1 
4 1 1 1 1 1 1 4 1 1 1 2 1 1 
7 1 1 1 1 1 1 1 1 1 1 1 1 2 
1 1 1 8 1 1 1 1 1 1 1 1 1 1 
4 1 1 3 1 1 1 0 1 1 2 3 1 1 

14 21 10 15
1 1 1 1 0 1 1 4 1 1 1 1 1 5 1 
0 3 1 1 1 2 1 1 3 1 1 0 4 1 1 
1 1 1 1 1 1 1 1 1 1 6 1 1 2 1 
1 1 2 4 1 1 1 1 2 1 2 1 1 1 1 
1 5 1 1 1 1 1 0 1 2 1 1 1 3 1 
1 1 3 1 2 1 0 3 3 1 1 1 1 1 1 
1 1 1 1 1 1 1 6 3 1 1 1 1 0 1 
3 1 1 3 0 3 1 1 1 1 1 1 1 1 2 
1 1 4 1 1 1 1 1 1 1 1 1 1 4 1 
1 1 1 6 3 1 1 1 2 1 1 0 0 1 1 

15 21 10 16
4 1 1 1 1 0 1 1 4 1 1 1 1 1 1 1 
1 1 0 1 1 1 1 1 7 1 1 1 1 1 1 1 
1 5 1 1 1 1 2 1 1 1 1 1 1 1 1 1 
1 1 1 1 1 3 1 1 1 1 4 1 1 1 1 1 
1 1 1 1 0 1 1 1 1 1 1 1 1 1 7 1 
1 1 1 1 1 1 1 1 1 1 1 1 1 7 1 0 
1 1 1 2 1 1 1 1 1 1 5 1 1 1 1 1 
0 1 1 1 7 1 1 1 0 1 1 1 1 2 1 1 
1 1 0 1 1 1 1 0 1 1 1 1 1 1 8 1 
1 1 1 1 3 1 1 1 1 1 0 0 3 1 4 1 

16 21 10 17
1 4 1 1 1 1 1 1 1 1 1 1 1 1 1 2 1 
0 2 1 1 1 1 1 1 0 1 1 1 1 6 1 1 1 
1 1 1 5 1 1 1 1 1 1 1 1 1 1 1 1 1 
1 1 3 1 1 1 3 1 1 1 1 1 1 1 1 1 1 
1 1 1 1 3 1 0 1 1 1 1 1 1 1 4 1 1 
1 1 1 1 1 1 1 1 1 0 1 1 1 6 1 1 1 
1 1 1 1 1 1 3 1 1 1 1 1 1 3 1 1 1 
6 1 1 1 1 0 1 1 1 1 2 0 1 1 1 1 1 
1 1 5 1 1 1 1 1 1 1 1 1 1 1 1 1 1 
1 1 1 0 1 1 1 1 3 1 1 1 1 1 1 1 4 

17 21 10 18
0 1 1 1 1 1 2 1 1 7 1 1 0 0 1 1 1 0 
0 1 0 1 1 1 1 1 1 1 4 1 1 1 1 2 2 1 
1 1 1 1 1 1 1 1 5 1 1 0 1 1 1 1 1 1 
1 1 2 1 1 1 1 1 1 1 1 1 3 1 1 1 1 1 
1 1 1 0 1 1 1 2 1 1 2 1 1 1 1 1 1 3 
1 1 1 1 1 1 1 1 1 1 1 1 1 1 1 1 4 1 
1 1 1 1 1 1 1 1 6 0 1 1 1 0 1 1 1 1 
1 1 1 4 1 1 1 1 1 1 1 1 1 1 1 1 1 1 
1 4 1 1 1 1 1 1 1 1 1 1 1 1 1 1 1 1 
1 1 1 6 1 0 1 1 1 1 1 1 1 1 1 1 1 0 

18 21 10 19
0 1 1 1 4 1 1 1 1 1 0 1 1 1 1 1 1 2 1 
1 1 1 1 0 1 1 1 1 1 1 1 1 1 1 1 1 2 3 
1 1 1 1 1 1 1 1 1 1 1 1 1 1 4 1 1 1 0 
1 0 1 1 1 1 1 1 4 1 1 1 1 1 1 1 1 1 1 
1 1 1 1 1 1 1 1 1 1 1 1 1 1 1 3 1 1 1 
1 1 0 1 1 1 1 3 3 1 0 1 1 1 1 1 1 1 1 
1 2 1 0 1 1 3 1 2 1 1 1 1 1 1 0 1 1 1 
1 1 1 3 0 1 1 1 1 1 1 1 1 1 1 1 2 1 1 
1 1 3 1 1 1 1 1 1 1 0 1 1 1 1 1 1 1 2 
1 1 1 1 1 1 2 1 0 3 1 1 1 1 1 1 1 1 1 

19 21 10 20
1 0 1 1 1 1 1 1 1 1 1 1 1 2 1 2 1 1 1 1 
1 1 1 1 1 1 1 1 1 1 1 0 1 0 1 1 1 3 1 2 
1 0 1 1 1 1 1 1 1 1 1 1 1 1 1 1 1 1 3 1 
1 1 1 1 0 1 3 1 1 1 1 1 1 1 1 1 1 1 1 1 
1 1 3 1 1 0 1 1 2 1 1 1 1 1 1 0 1 1 1 1 
1 1 2 1 1 1 1 1 0 1 1 1 1 1 1 1 1 2 1 1 
3 1 1 1 1 1 1 1 1 1 1 1 1 1 0 1 1 1 1 1 
1 1 3 1 1 1 1 1 1 1 1 1 1 1 1 1 1 1 1 0 
1 1 1 1 0 1 1 1 1 2 1 1 1 1 1 2 1 1 1 1 
1 1 1 1 0 1 1 1 1 1 1 1 1 1 1 1 1 1 3 1 

20 21 10 21
1 1 1 1 1 1 1 1 1 1 1 1 1 1 1 1 1 1 1 1 1 
1 1 1 1 1 0 1 0 1 1 2 1 1 1 1 1 1 1 2 1 1 
1 2 1 1 1 1 1 1 1 1 1 1 1 1 1 1 1 1 1 0 1 
1 1 1 1 0 4 1 1 1 1 1 1 0 0 1 1 1 1 1 1 1 
1 1 1 1 1 1 1 0 1 1 1 1 1 1 1 2 1 1 1 1 1 
1 1 1 1 1 1 1 1 1 1 1 1 1 1 1 1 1 1 1 1 1 
1 1 1 1 1 1 1 1 1 1 1 1 1 1 1 1 1 1 1 1 1 
1 1 0 4 1 1 1 1 1 1 1 1 1 1 0 1 1 0 1 1 1 
1 1 1 1 1 1 1 1 1 1 1 1 1 1 1 1 1 1 1 1 1 
1 1 2 1 1 1 1 1 1 1 1 1 1 1 1 1 0 1 1 1 1 

