ID	Registers	Phases	Processes	Initial_Value	Random_Value	Left_Left_Value	Left_Right_Value	Center_Center_Value	Left_Left_Random_Value	Left_Right_Random_Value	Center_Center_Random_Value
1	10	10	10	250	204	206	206	206	206	206	206
2	15	10	10	346	276	332	314	332	278	278	278
3	20	10	10	456	380	430	416	440	388	388	388
4	25	10	10	482	394	466	468	452	404	404	404
5	30	10	10	546	438	512	494	530	428	428	428
6	35	10	10	622	574	676	656	658	586	586	586
7	40	10	10	660	576	664	674	670	578	578	578
8	45	10	10	854	772	850	832	868	778	778	778
9	50	10	10	892	768	874	830	868	766	766	766
10	55	10	10	1012	922	1038	1032	1058	942	942	942
11	60	10	10	972	846	932	926	948	862	862	862
12	65	10	10	1144	1002	1090	1106	1108	992	992	992
13	70	10	10	1280	1084	1198	1158	1188	1088	1088	1088
14	75	10	10	1340	1182	1298	1346	1336	1198	1196	1196
15	80	10	10	1486	1272	1370	1398	1384	1282	1282	1282
16	85	10	10	1316	1240	1342	1340	1348	1242	1242	1242
17	90	10	10	1450	1290	1540	1426	1516	1348	1348	1348
18	95	10	10	1586	1466	1630	1574	1600	1482	1482	1482
19	100	10	10	1568	1222	1392	1392	1354	1238	1234	1234
20	105	10	10	1762	1552	1680	1680	1700	1566	1564	1564
