ID	Registers	Phases	Processes	Initial_Value	Random_Value	Left_Left_Value	Left_Right_Value	Center_Center_Value	Left_Left_Random_Value	Left_Right_Random_Value	Center_Center_Random_Value
1	20	2	10	58	56	70	68	68	56	56	56
2	20	4	10	130	122	150	148	150	126	126	126
3	20	6	10	242	210	244	248	258	210	210	210
4	20	8	10	338	294	320	316	316	298	298	298
5	20	10	10	406	350	390	390	394	350	350	350
6	20	12	10	518	448	496	476	496	452	452	452
7	20	14	10	614	516	606	598	628	532	532	532
8	20	16	10	720	606	660	670	684	616	616	616
9	20	18	10	814	688	732	726	746	690	690	690
10	20	20	10	896	776	824	842	872	764	764	764
11	20	22	10	960	830	882	888	934	826	826	826
12	20	24	10	1044	894	980	982	1016	880	880	880
13	20	26	10	1136	992	1080	1082	1160	1012	1012	1012
14	20	28	10	1234	1068	1136	1120	1192	1072	1072	1072
15	20	30	10	1298	1164	1280	1260	1310	1142	1142	1142
16	20	32	10	1418	1198	1294	1256	1324	1184	1184	1184
17	20	34	10	1492	1292	1416	1414	1484	1296	1296	1296
18	20	36	10	1634	1404	1534	1552	1614	1416	1416	1416
19	20	38	10	1708	1474	1590	1604	1702	1496	1496	1496
20	20	40	10	1798	1510	1688	1698	1776	1530	1530	1530
