ID	Registers	Phases	Processes	Initial_Value	Random_Value	Left_Left_Value	Left_Right_Value	Center_Center_Value	Left_Left_Random_Value	Left_Right_Random_Value	Center_Center_Random_Value
1	21	10	2	112	112	120	112	124	112	112	112
2	21	10	3	186	180	204	204	218	176	176	176
3	21	10	4	256	220	268	256	274	238	238	238
4	21	10	5	312	288	348	324	358	298	298	298
5	21	10	6	342	316	360	350	362	316	316	316
6	21	10	7	368	334	392	386	398	344	344	344
7	21	10	8	404	348	406	404	420	364	364	364
8	21	10	9	438	384	418	410	438	382	382	382
9	21	10	10	448	354	394	388	416	360	360	360
10	21	10	11	480	404	420	418	446	414	414	414
11	21	10	12	498	420	444	446	458	422	422	422
12	21	10	13	502	418	444	436	432	410	410	410
13	21	10	14	512	408	432	462	460	412	412	412
14	21	10	15	518	428	458	454	470	428	428	428
15	21	10	16	546	434	442	456	454	420	420	420
16	21	10	17	552	442	436	436	448	430	430	430
17	21	10	18	582	442	448	452	464	436	436	436
18	21	10	19	534	442	454	456	464	436	436	436
