ID	Registers	Phases	Processes	Initial_Value	Random_Value	0	0.1	0.2	0.3	0.4	0.5	0.6	0.7	0.8	0.9	1
1	10	10	10	234	206	206	206	206	206	206	206	206	206	206	206	206
2	15	10	10	340	276	320	326	322	322	334	332	324	324	330	328	328
3	20	10	10	454	382	430	432	432	446	444	440	438	450	450	444	444
4	25	10	10	468	396	452	454	460	454	456	452	452	462	462	462	462
5	30	10	10	522	438	536	540	516	530	514	530	534	534	506	510	510
6	35	10	10	648	578	684	644	654	654	658	658	670	668	680	670	670
7	40	10	10	660	576	678	674	688	690	690	670	676	682	684	680	712
8	45	10	10	824	768	870	868	844	864	866	868	860	862	860	866	866
9	50	10	10	840	750	862	838	856	860	842	868	854	860	874	868	868
10	55	10	10	1040	922	1028	1040	1048	1044	1046	1058	1032	1020	1028	1056	1050
11	60	10	10	1006	860	942	942	932	934	938	948	950	938	936	938	934
12	65	10	10	1162	996	1150	1130	1130	1118	1102	1108	1102	1104	1100	1106	1110
13	70	10	10	1192	1088	1226	1160	1174	1206	1170	1188	1202	1194	1214	1212	1212
14	75	10	10	1302	1172	1372	1338	1306	1300	1298	1336	1374	1374	1354	1350	1356
15	80	10	10	1478	1272	1418	1398	1404	1366	1416	1384	1384	1372	1394	1412	1412
16	85	10	10	1396	1222	1364	1382	1338	1354	1342	1348	1360	1356	1354	1354	1354
17	90	10	10	1474	1298	1496	1464	1496	1516	1516	1516	1510	1510	1498	1498	1490
18	95	10	10	1702	1538	1590	1610	1600	1612	1612	1600	1638	1628	1646	1632	1638
19	100	10	10	1434	1226	1352	1392	1392	1380	1360	1354	1386	1386	1390	1386	1384
20	105	10	10	1778	1548	1682	1688	1684	1676	1680	1700	1714	1704	1728	1726	1690
