ID	Registers	Phases	Processes	Initial_Value	Random_Value	Left_Left_Value	Left_Right_Value	Left_Left_Random_Value	Left_Right_Random_Value
1	10	10	10	278	208	206	206	206	206
2	15	10	10	338	278	332	314	276	276
3	20	10	10	442	378	430	416	382	382
4	25	10	10	478	408	466	468	402	402
5	30	10	10	472	418	512	494	432	432
6	35	10	10	640	570	676	656	576	576
7	40	10	10	684	580	664	674	584	584
8	45	10	10	838	776	850	832	768	768
9	50	10	10	912	768	874	830	760	760
10	55	10	10	1054	930	1038	1032	930	928
11	60	10	10	996	846	932	926	858	858
12	65	10	10	1114	990	1090	1106	988	988
13	70	10	10	1192	1088	1198	1158	1080	1080
14	75	10	10	1304	1188	1298	1346	1188	1188
15	80	10	10	1442	1252	1370	1398	1274	1272
16	85	10	10	1412	1252	1342	1340	1234	1234
17	90	10	10	1566	1316	1540	1426	1336	1336
18	95	10	10	1684	1492	1630	1574	1474	1466
19	100	10	10	1430	1250	1392	1392	1226	1226
20	105	10	10	1724	1552	1680	1680	1564	1564
