ID	Registers	Phases	Processes	Initial_Value	Random_Value	0.0	0.1	0.2	0.3	0.4	0.5	0.6	0.7	0.8	0.9	1.0
1	10	10	10	248	210	206	206	206	206	206	206	206	206	206	206	206
2	15	10	10	326	282	312	322	320	314	314	314	310	312	318	318	308
3	20	10	10	430	378	432	428	426	430	428	416	422	428	434	430	430
4	25	10	10	444	402	450	466	468	468	468	468	468	468	480	478	478
5	30	10	10	556	434	502	510	506	498	494	494	494	494	496	496	496
6	35	10	10	648	576	668	658	662	662	656	656	656	656	656	656	654
7	40	10	10	662	584	642	686	688	688	668	674	674	674	674	674	660
8	45	10	10	838	772	854	840	844	844	844	832	832	832	832	824	824
9	50	10	10	874	766	842	852	836	808	810	830	830	836	836	836	836
10	55	10	10	988	926	1050	1008	1016	1016	1028	1032	1024	1024	1024	1024	1024
11	60	10	10	978	848	920	926	934	934	930	926	932	932	932	932	932
12	65	10	10	1038	960	1096	1104	1100	1100	1100	1106	1108	1108	1108	1088	1102
13	70	10	10	1164	1086	1194	1218	1160	1184	1166	1158	1158	1158	1158	1158	1158
14	75	10	10	1360	1206	1340	1274	1306	1328	1346	1346	1346	1304	1304	1304	1304
15	80	10	10	1492	1268	1388	1360	1398	1398	1398	1398	1410	1416	1414	1414	1416
16	85	10	10	1446	1264	1330	1360	1362	1332	1340	1340	1338	1316	1316	1324	1324
17	90	10	10	1496	1304	1454	1428	1446	1426	1426	1426	1468	1468	1476	1486	1486
18	95	10	10	1706	1482	1590	1556	1566	1578	1578	1574	1564	1588	1590	1622	1622
19	100	10	10	1600	1242	1406	1344	1340	1364	1368	1392	1390	1398	1396	1350	1350
20	105	10	10	1752	1548	1636	1672	1668	1672	1658	1680	1680	1680	1680	1680	1678
